# Blender 3.6.0
# www.blender.org
mtllib cube.mtl
o Cube
v 1.037839 0.952229 -1.008043
v 0.553536 -0.961316 -1.330214
v 1.360010 0.545493 0.923478
v 0.875707 -1.368053 0.601306
v -0.875707 1.368053 -0.601306
v -1.360010 -0.545493 -0.923478
v -0.553536 0.961316 1.330214
v -1.037839 -0.952229 1.008043
vn 0.2422 0.9568 0.1611
vn 0.1611 -0.2034 0.9658
vn -0.9568 0.2079 0.2034
vn -0.2422 -0.9568 -0.1611
vn 0.9568 -0.2079 -0.2034
vn -0.1611 0.2034 -0.9658
vt 0.875000 0.500000
vt 0.625000 0.750000
vt 0.625000 0.500000
vt 0.375000 1.000000
vt 0.375000 0.750000
vt 0.625000 0.000000
vt 0.375000 0.250000
vt 0.375000 0.000000
vt 0.375000 0.500000
vt 0.125000 0.750000
vt 0.125000 0.500000
vt 0.625000 0.250000
vt 0.875000 0.750000
vt 0.625000 1.000000
s 0
usemtl Material
f 5/1/1 3/2/1 1/3/1
f 3/2/2 8/4/2 4/5/2
f 7/6/3 6/7/3 8/8/3
f 2/9/4 8/10/4 6/11/4
f 1/3/5 4/5/5 2/9/5
f 5/12/6 2/9/6 6/7/6
f 5/1/1 7/13/1 3/2/1
f 3/2/2 7/14/2 8/4/2
f 7/6/3 5/12/3 6/7/3
f 2/9/4 4/5/4 8/10/4
f 1/3/5 3/2/5 4/5/5
f 5/12/6 1/3/6 2/9/6